test=-2.782608695652174
tesy=-21.545491904331385
